1.038655099999999948e+05
7.128402999999999884e+04
6.418138999999999942e+04
2.815336699999999837e+05
-2.872539999999999964e+03
2.299349069999999832e+06
5.346466000000000349e+04
2.140615400000000081e+05
6.207378199999999488e+05
3.429212000000000262e+04
-6.469000000000000000e+03
1.670949000000000160e+04
-2.313629000000000087e+04
5.211177399999999907e+05
3.155206000000000131e+04
8.329430000000000291e+04
5.213630000000000291e+04
-2.211265000000000000e+05
-1.389046999999999935e+04
9.835183999999999651e+04
9.160099999999999909e+02
1.224684100000000035e+05
-6.099600000000000364e+02
-1.798160000000000082e+03
4.874464000000000233e+05
2.262561000000000058e+04
-2.251956000000000131e+04
1.913492099999999919e+05
5.329148199999999488e+05
2.760854470000000205e+06
-6.447776000000000204e+04
-8.193280000000000655e+03
8.627343650000000373e+06
-2.415570000000000164e+03
6.688619999999999891e+03
5.590460000000000036e+03
-3.727026999999999680e+04
1.808117200000000012e+05
-7.761539999999999964e+03
1.403241691000000015e+07
