-2.368581999999999971e+04
-3.176350000000000000e+04
-8.531569999999999709e+03
-4.843670000000000073e+03
-3.357830999999999767e+04
-2.873479999999999927e+04
-5.100000000000000000e+03
-4.937020999999999913e+04
4.333500000000000227e+02
-5.332944999999999709e+04
-1.177352000000000044e+04
1.237359000000000015e+04
-3.934216000000000349e+04
-1.579801000000000022e+04
-3.445261000000000058e+04
-1.742927000000000044e+04
-4.134298000000000320e+04
0
-2.352274000000000160e+04
-1.122810000000000036e+04
-3.154268000000000029e+04
-1.309568000000000029e+04
-1.164253000000000065e+04
-2.421850000000000000e+04
-8.250530000000000655e+03
2.165263999999999942e+04
-2.276295000000000073e+04
-4.324500000000000000e+03
-5.860789999999999964e+03
-2.944772600000000093e+05
-5.544462999999999738e+04
-2.053502000000000044e+04
1.465329999999999927e+04
-1.863534000000000015e+04
-1.097070999999999913e+04
-9.823030000000000655e+03
-4.966962999999999738e+04
-1.003729000000000087e+04
-9.820700000000000728e+03
-2.481372000000000116e+04
