2.300400190353392827e+04
6.570001316070553912e+03
-1.937502861022944671e+02
2.635105419158931909e+03
5.616659164428770055e+02
6.105997705459583813e+03
1.124000167846681052e+03
7.962350177764895307e+03
1.141300239562988281e+04
8.194304180145265491e+03
9.469689369201646514e+02
1.232499942779542107e+04
2.289002037048333477e+03
4.209999489784240723e+03
5.093000030517581763e+03
-1.616960525512731692e+02
3.114799070358277277e+03
3.337039843201638178e+03
1.823042869567875641e+02
-2.756001663208003265e+03
1.794000005722044989e+03
8.083998775482165911e+03
-9.967001914978025525e+03
1.752574491500850854e+03
3.584635853767394565e+03
-3.144995307922355551e+03
-1.239998579025268555e+02
3.562004184722898572e+03
-1.970001506805420377e+03
2.611710721254348300e+03
-7.184665441513059250e+02
1.169000005722050219e+03
1.788409538269041877e+04
4.290000557899472824e+02
2.286197662353518353e+03
-5.389987945556622435e+02
1.074200143814087642e+04
2.138999176025391989e+03
-1.236000061035155568e+03
1.114399852752685547e+04
