7.343000221252443225e+03
3.696999931335448764e+03
2.858926773071293610e+02
4.558219909667968750e+01
7.390000343322753906e+02
2.344098520278932028e+03
-1.079999923706056961e+02
4.068564891815185547e+03
4.479999542236319030e+02
2.258384561538696289e+03
2.430685043334960938e+02
4.184000587463379816e+03
1.797399997711180731e+03
1.492999935150146030e+03
2.290000152587890625e+03
1.435127544403077081e+03
1.477199888229370117e+03
1.797080016136169434e+03
7.875733852386472336e+02
1.042000007629394986e+03
1.274750041961670149e+03
4.598999881744384766e+03
5.880001068115234375e+02
1.811210727691651300e+03
5.189559936523435226e+02
-2.044999885559082031e+03
-9.699997901916503906e+01
-3.959999084472656250e+02
-3.960000038146972656e+02
4.791132688522338867e+02
1.064217901229858171e+03
5.549999713897705078e+02
6.249616622924763760e+02
2.404999971389769939e+02
1.611599922180175781e+03
1.420000076293943039e+02
3.962999916076661975e+03
3.569999694824218750e+02
4.130000114440917969e+02
3.168000030517579034e+03
