8.360001850128172009e+03
1.826000642776489258e+03
-1.324279022216800513e+03
4.420079231262200210e+02
7.066636085510390330e+01
1.326401615142815444e+03
-2.000141143799055499e+00
3.258053588867186591e+03
3.295000934600832352e+03
2.811806344985963733e+03
5.647238254547107772e+02
1.951000595092775256e+03
6.546010971069324569e+02
1.928999757766724088e+03
2.679999637603758856e+03
1.373349094390871414e+03
4.642007827758798157e+02
8.276000976562493179e+02
-2.878565311431880218e+02
9.809986114501948578e+02
8.672503948211667648e+02
2.873999881744379309e+03
-3.845000267028804046e+03
1.042768335342409955e+03
1.481327080726623308e+03
-9.989967346191378965e+02
-6.400001049041748047e+01
7.450007438659677064e+02
-6.840002059936521164e+02
1.287203490734099205e+03
-4.824431419372563141e+02
5.260000228881838211e+02
7.524824619293214710e+03
2.548001170158383957e+02
1.360798263549800140e+03
-3.249993324279773788e+02
3.338999557495118097e+03
1.246000194549560547e+03
-4.650002956390385407e+02
2.539000058174134665e+03
