-3.479022000000000116e+04
-2.970799000000000160e+04
-1.060220000000000027e+03
-2.507389999999999873e+03
-2.855129999999999927e+04
-4.894044000000000233e+04
1.299670999999999913e+04
-3.422608999999999651e+04
-3.732619999999999891e+03
-4.514595999999999913e+04
5.109069000000000233e+04
-2.334108000000000175e+04
3.119030000000000200e+03
-2.795940000000000146e+04
-1.365122999999999956e+04
6.291768000000000029e+04
-3.586289999999999964e+03
-3.895934600000000210e+05
-1.845165999999999985e+04
-3.028769999999999982e+03
-2.547268000000000029e+04
-1.671350999999999840e+04
3.777498999999999796e+04
-1.380196999999999935e+04
-7.919449999999999818e+03
4.742550000000000182e+03
7.134899999999999636e+03
-1.906450000000000045e+03
1.172415999999999985e+04
-4.085400499999999884e+05
9.985572299999999814e+05
6.642635000000000582e+04
-6.850760000000000218e+03
-2.067327000000000044e+04
1.043630000000000109e+03
2.758480000000000018e+03
-6.950163000000000466e+04
2.784695000000000073e+04
2.659938999999999942e+04
-4.736209999999999854e+04
