-3.567170999999999913e+04
-3.137238000000000102e+04
-4.398239999999999782e+03
-5.226439999999999600e+03
-2.279761000000000058e+04
-5.449837000000000262e+04
4.965850000000000364e+03
-6.286905000000000291e+04
-1.390119000000000051e+04
-4.499276999999999680e+04
-5.177850000000000364e+03
-2.457911999999999898e+04
-2.505118000000000029e+04
-3.850894000000000233e+04
-5.103819999999999709e+03
-6.004710000000000036e+03
-6.191689999999999600e+03
0
-2.478265000000000146e+04
-9.083940000000000509e+03
-3.749756999999999971e+04
-1.823979000000000087e+04
9.195600000000000364e+03
-1.915220000000000073e+04
-2.390643999999999869e+04
-9.710099999999999909e+02
-1.216709000000000015e+04
5.138300000000000409e+02
1.388450000000000045e+03
0
-3.800250000000000000e+04
-6.733619999999999891e+03
-8.358010000000000218e+03
-1.675961999999999898e+04
-5.880770000000000437e+03
-4.523100000000000364e+03
-4.508747000000000116e+04
3.549429999999999836e+03
7.959600000000000364e+02
-4.125091999999999825e+04
