1.345900211334228516e+04
5.380000734329228180e+03
-1.901150131225587302e+03
2.059964179992696245e+02
6.746664285659833240e+02
4.016334581375112066e+03
-7.130006790161173740e+02
2.779006099700930463e+03
5.592000770568856751e+03
5.757422590255739124e+03
-8.136129379272313145e+01
4.494004249572761182e+03
1.316201210021971747e+03
4.501999902725219727e+03
3.010002136230468295e+03
-1.689627742767338532e+03
1.063799905776975947e+03
3.119439959526064740e+03
1.125695466995234710e+02
-2.369001579284657055e+03
2.906751346588136585e+03
5.672000408172602874e+03
-1.753499374389647346e+04
1.024799442291257037e+03
1.938127517700195767e+03
-5.284001159667968750e+03
-5.959999322891235352e+02
3.126501178741449621e+03
-3.716000556945803055e+03
2.430417621135713034e+03
-1.697689294815086214e+02
-1.857999372482297986e+03
3.365345573425294333e+03
8.526999711990356445e+02
4.947999954223682835e+02
-6.499999999999995453e+02
8.484997940063476562e+03
2.489995479583712950e+02
-6.170000076293958955e+02
1.107900207042693910e+04
